1  Varna Burgas 20 10 2012 20 10 21 10 2012 20 10 100
2  Burgas Vidin 22 10 2012 20 10 23 10 2012 20 10 100
3  Vidin Sofia 24 10 2012 20 10 25 10 2012 20 10 100
4  Varna Dobrich 20 10 2012 20 10 21 10 2012 20 10 20
5  Dobrich Plovdiv 22 10 2012 20 10 23 10 2012 20 10 20
6  Plovdiv Provadia 24 10 2012 20 10 25 10 2012 20 10 20
7  Provadia Ruse 26 10 2012 20 10 27 10 2012 20 10 20
8  Ruse Sofia 28 10 2012 20 10 29 10 2012 20 10 20
9  Varna Turnovo 21 10 2012 20 10 22 10 2012 20 10 1
10  Turnovo Sofia 22 10 2012 20 10 23 10 2012 20 10 1
11  Varna Pleven 21 10 2012 20 10 22 10 2012 20 10 99
12  Pleven Orqhovo 23 10 2012 20 10 24 10 2012 20 10 99
13  Orqhovo Sofia 25 10 2012 20 10 26 10 2012 20 10 99
14  Varna Bukuresht 20 10 2012 20 10 21 10 2012 20 10 25
15  Bukuresht Berlin 22 10 2012 20 10 23 10 2012 20 10 25
16  Berlin Paris 24 10 2012 20 10 25 10 2012 20 10 25
17  Paris Sofia 26 10 2012 20 10 27 10 2012 20 10 25
